[double3(100.000000000000,0.000000000000,0.000000000000),double3(0.000000000000,100.000000000000,0.000000000000),double3(0.000000000000,0.000000000000,100.000000000000)]

double3(0.000000000000,0.000000000000,0.000000000000),
double3(0.000000000000,0.000000000000,0.333333333333),
double3(0.000000000000,0.000000000000,0.666666666667),
double3(0.000000000000,0.333333333333,0.000000000000),
double3(0.000000000000,0.333333333333,0.333333333333),
double3(0.000000000000,0.333333333333,0.666666666667),
double3(0.000000000000,0.666666666667,0.000000000000),
double3(0.000000000000,0.666666666667,0.333333333333),
double3(0.000000000000,0.666666666667,0.666666666667),
double3(0.333333333333,0.000000000000,0.000000000000),
double3(0.333333333333,0.000000000000,0.333333333333),
double3(0.333333333333,0.000000000000,0.666666666667),
double3(0.333333333333,0.333333333333,0.000000000000),
double3(0.333333333333,0.333333333333,0.333333333333),
double3(0.333333333333,0.333333333333,0.666666666667),
double3(0.333333333333,0.666666666667,0.000000000000),
double3(0.333333333333,0.666666666667,0.333333333333),
double3(0.333333333333,0.666666666667,0.666666666667),
double3(0.666666666667,0.000000000000,0.000000000000),
double3(0.666666666667,0.000000000000,0.333333333333),
double3(0.666666666667,0.000000000000,0.666666666667),
double3(0.666666666667,0.333333333333,0.000000000000),
double3(0.666666666667,0.333333333333,0.333333333333),
double3(0.666666666667,0.333333333333,0.666666666667),
double3(0.666666666667,0.666666666667,0.000000000000),
double3(0.666666666667,0.666666666667,0.333333333333),
double3(0.666666666667,0.666666666667,0.666666666667),
